2 0.09612695763437565 0.7711642946688659 0.1667966014423615 0.45767141066226813
2 0.10477133975885464 0.5715590997625732 0.15645263459302097 0.1474242324490227
0 0.18943662727791716 0.5479875559516371 0.02512793977951393 0.0397671936526514
0 0.2943598634102088 0.521481228754606 0.023365418028020814 0.031127979546029038
2 0.20602406202343793 0.5217062007787876 0.019477351823611145 0.03179556927947225
2 0.2949229078631254 0.5120834967012946 0.053471145326597205 0.04996054757185995
2 0.410456988885174 0.5048129028112163 0.08245013050895836 0.0539266335443795
2 0.3574229078631254 0.5102649324363874 0.02805291802802081 0.03126437186589683
2 0.4933058564763546 0.5039658051602143 0.052635343939826384 0.04759406551854859
2 0.5596211874984032 0.4981273306287502 0.0913530050339931 0.06745793613080409
2 0.6744649374984032 0.4947857187919832 0.14634962955902786 0.08233042986259811