0 0.15228184633085387 0.5648827304327084 0.23611231089969492 0.25298410210795164
0 0.7264564468848499 0.7909762077070576 0.18472697030832191 0.4180475845858849
0 0.9024130023584742 0.7731460121552786 0.1951739952830515 0.3455528086049654
0 0.5955090091046931 0.5572423763279867 0.06651521324869289 0.16628026985163197
0 0.3424090896669363 0.47171787794350717 0.0515003155185485 0.05272626291777769
0 0.4741364627864744 0.491179005602674 0.03419079506457727 0.07496428561920147
0 0.6386536038527012 0.5106226026766325 0.03228731426490725 0.06320916802802082
2 0.4457470383341528 0.45460507275701423 0.03884119114536908 0.046966572188333444
2 0.5068209306540208 0.460710908813056 0.03479854882550093 0.04218815321038214
2 0.5771788947606435 0.4639099504161811 0.00909385517284953 0.01738752175149294
2 0.8492561347315137 0.5576833598948271 0.28751568652651543 0.24871548261690996