0 0.05259668802694967 0.7373922036472222 0.10519337605389933 0.3404094072944446
0 0.11527026970062985 0.5054349952503474 0.08259922359113014 0.12994337955902785
0 0.18470231597976555 0.48750391926229175 0.035486121414211924 0.07732621941479181
0 0.25463781534679336 0.6118876298433683 0.08382690689357446 0.16509962955902785
0 0.5825470497376968 0.5585327726045144 0.07125249582364876 0.11797005642076393
0 0.6642409938399142 0.5924915049370838 0.08125497840045348 0.13615701196784719
0 0.963496949374877 0.5760002148525702 0.03853176506094229 0.14218815321038197
2 0.42577374928220985 0.4579300945085073 0.02903522477225664 0.04907393284565984
2 0.5323139259612321 0.4744837745043755 0.053608638837406984 0.059793880508958355
2 0.6047519211519087 0.4824248674942714 0.019479175497895972 0.06602504350298624
0 0.4971477522774347 0.4963399374984032 0.022795148456053838 0.07156652868534721