0 0.12820889675510505 0.5515625 0.08891757513557326 0.109375
0 0.1914037883438487 0.53671875 0.06607497277444105 0.07734375
0 0.4516327612164856 0.54921875 0.04649372579950324 0.06875
0 0.5998026165044841 0.6375 0.10284878580976589 0.22109375
0 0.7556617310640604 0.5703125 0.09061188534222779 0.13203125
0 0.4123066408031767 0.50390625 0.011886921642972937 0.02890625
2 0.3015100413689108 0.528125 0.11453974385167989 0.08203125
2 0.3592180022394952 0.51015625 0.04028917759490121 0.0765625
2 0.4060293697259379 0.49921875 0.027589189695149584 0.0421875
2 0.4927799359827166 0.5046875 0.03858577702916719 0.05234375
0 0.5146049390077787 0.49609375 0.009515900565734014 0.02421875
0 0.570132776341796 0.50625 0.022029536104353653 0.0265625
0 0.5826645925985747 0.51171875 0.016551695745273775 0.025