2 0.0359375 0.54453125 0.071875 0.215625
2 0.12578125 0.51015625 0.06953125 0.08515625
2 0.721875 0.575 0.3046875 0.290625
2 0.5203125 0.5109375 0.13046875 0.13671875
2 0.434375 0.49921875 0.08359375 0.109375
2 0.38671875 0.48515625 0.03046875 0.078125
2 0.3609375 0.4796875 0.040625 0.06640625
2 0.33046875 0.47109375 0.03515625 0.05390625
2 0.92890625 0.49375 0.1421875 0.1515625
2 0.85 0.46015625 0.06171875 0.0796875
2 0.8109375 0.45859375 0.06015625 0.07421875
2 0.3109375 0.45546875 0.015625 0.03515625