2 0.016702213414127715 0.5668965986632729 0.03340442682825543 0.074773280673136
2 0.17434884982908017 0.5571568773074558 0.20915134263643714 0.12895334536122594
2 0.06159879724265541 0.5670596833227277 0.07294105799670107 0.11799656934277217
2 0.36263611150756264 0.5010779579487751 0.14226170783841657 0.05788632001909004
2 0.26424407561418534 0.5006608819621381 0.06531276293212374 0.043714184675363296
0 0.9597982680131956 0.45742302920118794 0.05776233887551356 0.15999316534054522
0 0.3738176524155049 0.5462450072804115 0.11650920157021032 0.11225564668204484
0 0.3070931536691462 0.5579552139560929 0.05332723997087019 0.08809089334022709
0 0.7045137229486184 0.53458715523555 0.13201819279472177 0.18897268801718106
0 0.6091557588419956 0.5372587165818221 0.09502665815498564 0.17917042667886313
0 0.8394115601747792 0.5150548105506416 0.12273412100796718 0.1919886000159085
0 0.5164908857224575 0.5547376652610033 0.09460310932948453 0.13777326734563572
0 0.46984320625557086 0.5474706052673667 0.04230482343610724 0.13872669267186347