2 0.5360812579134577 0.6408274495559029 0.4655618815009202 0.2846538185944697
2 0.2851495217082677 0.5797682714700223 0.12526667288534998 0.09523120764913066
2 0.20748154511401604 0.5591199490649236 0.07127853573022022 0.09335509026088377
2 0.13190169097557308 0.5783153766598248 0.12320952792830413 0.1006863221105112
2 0.05440081071784828 0.5459437590751863 0.0515149123699004 0.02919714149054773
2 0.33770795567489414 0.5388251089022356 0.05254182383528967 0.03388918667008767
2 0.7455923767512218 0.5825599107210749 0.3015226356847919 0.1798248971478884
2 0.8825601102428784 0.5716037091220685 0.18104303934826477 0.19083914431921817
2 0.9776574287646724 0.5904849984478758 0.04468514247065514 0.18478406615858275
1 0.5898569538658719 0.488905880372258 0.08978619629109837 0.07393746974937905
1 0.3546973818396045 0.5051222745932803 0.27550901232447184 0.1156305869412341