2 0.22546314662094008 0.7796626742319516 0.3843104416980866 0.4406746515360968
2 0.09376030738428015 0.5345362019067658 0.09890720783603804 0.06504713584218216
2 0.09764344155691232 0.574325388204435 0.1279044630977099 0.06761906433530314
2 0.4831930756589573 0.6751561903892024 0.38230978398910553 0.24568953375008196
2 0.9563253339573412 0.6444964011968247 0.0873493320853175 0.2939633095259797
2 0.6873275678370367 0.5913094361280331 0.1371800235363491 0.15994297359113024
2 0.7522245257436618 0.5765177606301372 0.05715932359281872 0.09789435217691818
2 0.23578047838861527 0.5804612823993196 0.18136266304124016 0.12874010280989037
2 0.36552118629524044 0.5634052132546932 0.08415446309770988 0.06609128067003915
2 0.4630941363093579 0.5451239500078492 0.06362986049510884 0.034967766242068876
2 0.4120853731551783 0.5429910203336019 0.06150591837349921 0.05204613883740698
2 0.6221120915145599 0.600632361625929 0.11600297355046649 0.144389895460829
2 0.8240617283886152 0.5599180484717523 0.02992969468185862 0.058740082939624474
2 0.7974992283886152 0.5608456314113769 0.03589897362105354 0.06752480589778251
2 0.8971352073419279 0.5511035544622022 0.04601742626600682 0.0538442518140986
2 0.92746744944942 0.5476958122667505 0.03848564732681155 0.045004965153609786
2 0.8654833889401938 0.5318550466576538 0.01625433155591338 0.02473710517214318
2 0.9572081573560454 0.5341318200712988 0.036574536831702885 0.01219246515360961