0 0.22325985486402758 0.7593840918977952 0.44651970972805516 0.4812318162044097
0 0.33341964447357597 0.5525866714464933 0.3836158530578821 0.21116289086128504
0 0.21160050228111071 0.4801823817432293 0.27809189846072935 0.17278876225218767
0 0.03417171219659708 0.4212035059839236 0.06834342439319416 0.13615701196784719
0 0.5756448184855204 0.4894372804882991 0.2966055091180557 0.1630689233463544
0 0.9400346268061455 0.4838484292333689 0.10172876700184048 0.14369740824437507
0 0.1650352800165274 0.43219817021222234 0.16742584897381954 0.11477428086954884
0 0.4951052929343053 0.3898535481557296 0.049383057370694414 0.041752395326597205
0 0.5033165300165274 0.4400717537028129 0.2374831226251736 0.07189775626826425
0 0.34646711797243024 0.428604310789167 0.0860660929898959 0.07462009992375015
1 0.25002983548736085 0.34037565254479185 0.05278081430454869 0.05354388050895835
1 0.3474678799402775 0.3520236269935767 0.13159679853697917 0.08504976006798622
1 0.4664360854873609 0.345412563923299 0.14482349715020834 0.08301513459302097
2 0.7126194480445482 0.41445807712541727 0.33439579663711816 0.14286617933027798
2 0.606424652641701 0.3760293971295491 0.11751546153100705 0.05036563554295146