2 0.0765341871610669 0.7734375 0.1530683743221338 0.453125
2 0.08806554303824048 0.5752823580124085 0.15395676785578502 0.14475052068745348
0 0.17334451288581532 0.5551794906906352 0.024446008976990452 0.039344310669954294
0 0.2789496182720096 0.5329692307049527 0.02283351200205246 0.030732379336408933
2 0.190682003810629 0.5295982353596351 0.018931807181592354 0.03146817600254544
2 0.2797854104264873 0.5236033213717255 0.052625551131468204 0.04904657467377227
2 0.3954331363241863 0.5210424900540884 0.08154998184962743 0.05250792934436319
2 0.3422854104264873 0.5243305747135433 0.027521012002052547 0.0307869233370452
2 0.4782365459651067 0.523568600731997 0.05183066559284875 0.04669373400699968
2 0.5446655218628058 0.5204350574076784 0.09022099990180407 0.06588917667886314
2 0.6595092718628057 0.5217713854232686 0.1449857679539809 0.07980677335295354