2 0.27026905318972266 0.5822204370188442 0.18223388459302098 0.15234482926235665
2 0.11886955413965324 0.547755826548823 0.08748312262517369 0.07091004353213641
2 0.039836017570521284 0.5381517752147706 0.03839100598392364 0.04024654172311415
2 0.5145996282278477 0.5528892203742153 0.11668031335461819 0.08492495590203682
2 0.37066779027194485 0.5375431021022781 0.04834723423243066 0.032185058231457474
2 0.31756097406753514 0.5355401888278666 0.04002624116628475 0.04345342887824373
1 0.23740069538218794 0.5110514439162491 0.1331222777354167 0.05379446460846395
1 0.3732836439954171 0.5158318764125376 0.10519729948690984 0.06091424581612852
2 0.4431240185204518 0.5327571048158115 0.03977166802802081 0.03251592887824373
1 0.4636722546527435 0.510425081410063 0.030269381458888845 0.02655585594746519
2 0.6613291578631255 0.5543366129564119 0.13615701196784719 0.08360479534115868
2 0.5658348199072227 0.5415289964934971 0.06566267401194459 0.07210737336031983
2 0.9553824034947225 0.5755686403188891 0.08923519301055513 0.13180327792830404
2 0.8418706430454865 0.5669195793738983 0.1612849517473613 0.12393654624566981
2 0.7581859740675352 0.5586323665744566 0.0599763716752431 0.09599857473980081
2 0.7310052250174657 0.5306777849372507 0.044695557370694416 0.042917840343633176