2 0.1796875 0.7859375 0.359375 0.428125
2 0.0625 0.53671875 0.0953125 0.06171875
2 0.0640625 0.5765625 0.12421875 0.06328125
2 0.44296875 0.690625 0.36875 0.2328125
2 0.940625 0.67734375 0.11796875 0.28984375
2 0.6515625 0.6140625 0.128125 0.15546875
2 0.7171875 0.6015625 0.0515625 0.09609375
2 0.2015625 0.5875 0.17421875 0.12265625
2 0.33203125 0.575 0.08046875 0.06328125
2 0.43046875 0.56015625 0.06171875 0.0328125
2 0.3796875 0.55625 0.05859375 0.05
2 0.5859375 0.62109375 0.1078125 0.140625
2 0.78984375 0.5875 0.0265625 0.0578125
2 0.76328125 0.5875 0.03203125 0.06640625
2 0.86328125 0.58125 0.04296875 0.05234375
2 0.89375 0.57890625 0.0359375 0.04375
2 0.8328125 0.5609375 0.01484375 0.02421875
2 0.92421875 0.56640625 0.0359375 0.0109375