2 0.18883271077335873 0.7765204771600785 0.36435668539145183 0.44695904567984285
2 0.06874528807286029 0.5334432637948099 0.09603066267504508 0.06671386646291495
2 0.07077141207826912 0.5732051266396802 0.1249550940085905 0.06979127883281536
2 0.4510048994270866 0.6674099915207153 0.3714590186982713 0.2521378686106214
2 0.9439179572028052 0.6280476826118895 0.11216408559438946 0.29602623021229635
2 0.6587077640833598 0.5799155563108934 0.12993404268777162 0.16218349672063964
2 0.7241873134149962 0.5639762957954438 0.05268065201304495 0.09879602611928177
2 0.20839868141308723 0.576936556988262 0.17564598468331738 0.13178666779696718
2 0.3387219807447237 0.5575989795349278 0.08120509400859052 0.06749843848918217
2 0.43698675807604204 0.5375963387617533 0.06210055800445424 0.036047042627625106
2 0.38616005474217835 0.5363514213034704 0.05917555267345413 0.05307076831736559
2 0.5931645800843144 0.590386066826343 0.10944882001909004 0.146275213703953
2 0.7966799314130872 0.5461060430819105 0.02723520934118149 0.059204581637205676
2 0.7701174314130872 0.5474981247191162 0.03280395667568144 0.06808493668015991
2 0.8700447060789056 0.5360073467908121 0.04357782467377262 0.05459564676606821
2 0.9004861840785873 0.532066797265782 0.036446577339272326 0.04563340456798422
2 0.8393395987428146 0.5172916463158422 0.015125560669954297 0.024996677973732596
2 0.9308094834102236 0.5179699977407518 0.03606476933481808 0.012820904567984215