2 0.8467487767345796 0.7370479892186872 0.3065024465308408 0.5098317227084526
2 0.7146049390077787 0.48781215257004984 0.1995010720123151 0.18512152936027135
2 0.551169152903425 0.4631496019255488 0.068373270979043 0.07032213800922697
2 0.28469472521032796 0.4545307692950472 0.10061359923787414 0.10663235534690844
2 0.35017882464459393 0.42954840328613847 0.03301248789975162 0.03475680800445424
0 0.22483391188041554 0.5060120006365468 0.10946187929210352 0.1504823526814084
0 0.37770892700572606 0.4612614799490933 0.022102258976990453 0.039317038669636165
0 0.32988905054229295 0.43369101062222926 0.015034647540671919 0.03298522266868176
0 0.4254560805965223 0.4763319492759572 0.026903388465485633 0.05890283267027261
0 0.48472654146710675 0.45767230860123026 0.01892726200205246 0.030686926002545432
0 0.8726174269075303 0.5203508378819599 0.09640282220870695 0.05424315201304495
2 0.446340752337691 0.4401490012730937 0.018264186670087668 0.050990335335772484