2 0.2669588181779238 0.5657591706317744 0.18140177881395614 0.14505051269095331
2 0.11571391801576798 0.5409511693189097 0.08709662540538946 0.06740622334499946
2 0.036712210629441785 0.5364005766629547 0.03816820170428333 0.03871760200509069
2 0.5115349326262646 0.5207172012651394 0.11622106371699203 0.08024257801559002
2 0.3676485649315129 0.5145773839513204 0.048174447240056484 0.030242030673136
2 0.31453720170098803 0.5159767992918656 0.039785248782184014 0.041860783338636055
1 0.23449514569463364 0.4965915473026833 0.1328494561685102 0.04841132268458992
1 0.3703917353862081 0.4926660212842295 0.10487446063273706 0.05667780868077195
2 0.440154810467286 0.5051382019414572 0.03959433400953163 0.030923283338636053
1 0.46083945738303084 0.4814552539385938 0.03012387662320535 0.025345445337363513
2 0.6583008384704632 0.5127581559118677 0.1357114034085667 0.07812609468490823
2 0.5628519707757116 0.5060547172581398 0.06526253571381488 0.0694954346753633
2 0.9540364837646503 0.5147269992043696 0.09192703247069929 0.12772610534690845
2 0.838824135548364 0.5137832118873689 0.16061199188232536 0.11747040535486271
2 0.755162201700988 0.51084966323205 0.05943527556754517 0.09364145934118148
2 0.7281360515388322 0.48459624590232264 0.04445911201270878 0.041134077339272504