0 0.1228633509705898 0.5609278887600733 0.2346705132021183 0.24898798760516386
0 0.6858679247744438 0.7709047932346322 0.18231184545843782 0.4158482346782977
0 0.8762390048465619 0.7471440646064587 0.21964688487736125 0.34185674365528823
0 0.5670315782691662 0.5403774767814619 0.06555553086954866 0.16520281918364485
0 0.3181050754193746 0.4621489794137405 0.05120013050895835 0.051853391490547907
0 0.44897321571197873 0.47779163925105256 0.03375871058107656 0.07440510236113215
0 0.6126720398001732 0.4924621515476927 0.03192345364722229 0.06267726200205245
2 0.42246592030913155 0.4420132205349459 0.038572843939826386 0.04631191861791084
2 0.4832943175355899 0.4463461965308408 0.034557491166284746 0.04160169272021186
2 0.5535704499444094 0.44749963037225804 0.008993793502986236 0.017237496974937906
2 0.8210651148382982 0.533431543431024 0.28610572663298656 0.24381921945479146