0 0.12578125 0.528125 0.09296875 0.103125
0 0.19140625 0.52734375 0.06875 0.0671875
2 0.30234375 0.51796875 0.1109375 0.09140625
2 0.36015625 0.503125 0.04140625 0.07421875
0 0.45078125 0.52578125 0.021875 0.0484375
0 0.52890625 0.57890625 0.06640625 0.1296875
0 0.91015625 0.59375 0.16015625 0.15078125
0 0.63515625 0.50390625 0.03828125 0.03984375
0 0.5828125 0.5 0.02578125 0.03046875
0 0.6109375 0.50078125 0.02578125 0.02734375
0 0.565625 0.49765625 0.015625 0.02421875
2 0.49609375 0.49296875 0.04375 0.05078125
2 0.40390625 0.490625 0.02890625 0.0359375
0 0.4109375 0.4953125 0.0125 0.02734375