0 0.14114811803846622 0.5244651394168741 0.09596938103709696 0.10583011434404951
0 0.20675038598515486 0.5217743969387215 0.07070495658477523 0.06918792069139794
2 0.31741510134541884 0.5091714453685112 0.11359715023742681 0.09463420157021041
2 0.3747956923325033 0.49264552342347195 0.04356579506457736 0.07542354882550092
0 0.4660799218785322 0.5126648552393565 0.023284387305303154 0.0490739974927175
0 0.5457507015037033 0.5635166499082225 0.07017977084968248 0.13161972453146403
0 0.9225804211860371 0.5672671578922882 0.15483915762792577 0.15544132092882493
0 0.6498184243858146 0.4854250906578801 0.03944058471887839 0.04095762061225568
0 0.5973610141192579 0.4830418882297399 0.026667800079142268 0.031218907759274293
0 0.6255087461725694 0.4830047843105317 0.026576871865896835 0.028093907759274294
0 0.580105317959324 0.4811982434025895 0.016329693652651578 0.02467339106622681
2 0.510437675639456 0.4785338961472988 0.04522758346523723 0.052054244985435004
2 0.4181819794795219 0.47887252843803696 0.029951924452321775 0.036778585972519554
0 0.42534962179938984 0.4833554399582349 0.013295621865896834 0.02770746285298138