2 0.03085512913251718 0.54453125 0.06171025826503436 0.215625
2 0.11390723147954818 0.51015625 0.07151328371934036 0.08515625
2 0.7084917264455551 0.575 0.31145187195958357 0.290625
2 0.5084202976839579 0.5109375 0.13365091422829883 0.13671875
2 0.4227555546178121 0.49921875 0.08613948138263901 0.109375
2 0.3754266129384371 0.48515625 0.03228712955902786 0.078125
2 0.34977264950756903 0.4796875 0.04217062262517368 0.06640625
2 0.31950392125906213 0.47109375 0.03641093189572917 0.05390625
2 0.917414091186944 0.49375 0.1457151563445141 0.1515625
2 0.8392897443973262 0.46015625 0.06357349715020817 0.0796875
2 0.8002636119885065 0.45859375 0.0618837105810762 0.07421875
2 0.30033634717086766 0.45546875 0.016443270801562538 0.03515625