0 0.10426180528629567 0.5332501931936485 0.09717077174882985 0.1069131862735663
0 0.1699186387843929 0.535142957033813 0.07148768083635884 0.06998884783255335
2 0.28123814076155923 0.5302883137636147 0.11466201927737192 0.09592660672980173
2 0.33965547722540596 0.5178002426228072 0.04443043231923358 0.07590592539915128
0 0.42935730578058723 0.5441491784020819 0.023848676882026253 0.049328837946721646
0 0.5053176279099779 0.6004575282118015 0.07169061068413445 0.1323933473382617
0 0.8859627914461312 0.630836025283233 0.16630011513275883 0.1573071171099251
0 0.6146236437273087 0.5297868839530201 0.03990475840295708 0.04140359140676253
0 0.5624390612177947 0.523747789580508 0.02702275642579064 0.0315192554372075
0 0.5905322277196976 0.525675045512007 0.026895422433401883 0.028394255437207506
0 0.5453470617120864 0.5207037026223696 0.016611838441013126 0.02485541996194378
2 0.47600681270066947 0.5131830212917193 0.04581917737631773 0.05256392589344294
2 0.3839148131949611 0.5070829185162502 0.030370590912471053 0.03711533942959626
0 0.3907550622063779 0.512056919999125 0.013614172433401883 0.027853085969555026