0 0.1057390130772079 0.5515625 0.0921007091631599 0.109375
0 0.16953861824935101 0.53671875 0.06832590326537735 0.07734375
0 0.42925835863070416 0.54921875 0.048494552902557685 0.06875
0 0.5738317594490108 0.6375 0.10928326387981606 0.22109375
0 0.7324279986492377 0.5703125 0.09445438284695733 0.13203125
0 0.391778205998299 0.50390625 0.0127281784931208 0.02890625
2 0.2799949686121707 0.528125 0.11692709437236992 0.08203125
2 0.3384349511889756 0.51015625 0.04251737141421197 0.0765625
2 0.38569189710529156 0.49921875 0.028816969962933037 0.0421875
2 0.4722196741471336 0.5046875 0.04010913402808356 0.05234375
0 0.4943947745099533 0.49609375 0.01022073738612832 0.02421875
0 0.5495088604448026 0.50625 0.02280258293962447 0.0265625
0 0.5618178874866447 0.51171875 0.017279269237293705 0.025