2 0.25703125 0.56875 0.17890625 0.14296875
2 0.10625 0.5421875 0.0859375 0.06640625
2 0.02734375 0.53671875 0.0375 0.03828125
2 0.50234375 0.5265625 0.11484375 0.07890625
2 0.35859375 0.51875 0.04765625 0.0296875
2 0.30546875 0.51953125 0.0390625 0.04140625
1 0.22578125 0.49921875 0.13203125 0.046875
1 0.36171875 0.496875 0.10390625 0.05546875
2 0.43125 0.51015625 0.0390625 0.03046875
1 0.45234375 0.48671875 0.0296875 0.025
2 0.64921875 0.5203125 0.134375 0.0765625
2 0.55390625 0.5125 0.0640625 0.06875
2 0.95 0.52578125 0.1 0.1265625
2 0.8296875 0.5234375 0.15859375 0.115625
2 0.74609375 0.51953125 0.0578125 0.09296875
2 0.71953125 0.49296875 0.04375 0.040625