0 0.09248715520755839 0.7388484842842342 0.13875207117798855 0.3433219685684685
0 0.15328143927649687 0.5085295916039978 0.08334569368794012 0.13176373035529282
0 0.221235601824067 0.49220042431665567 0.03593218281352524 0.07809076674922295
0 0.3004522110253267 0.6183134681541839 0.08477820110231393 0.16691998035529282
0 0.6237504481737455 0.572549473735755 0.07193069121648214 0.11953555810555194
0 0.7078681215957305 0.6084377779123655 0.08203786167271758 0.13794095574818693
0 0.9928364050375091 0.5989002278695843 0.014327189924981809 0.1429709040527758
2 0.45964684440969317 0.4682150765074047 0.029317426882026255 0.04971105562435252
2 0.5672510973754428 0.48726263709415596 0.05395001235728962 0.06099531203449331
2 0.6401620153602202 0.49689665632457825 0.019861513840164415 0.06642552067816432
0 0.5337992688202614 0.508317845737827 0.023209348326844827 0.07203981989237604