2 0.04480662394610067 0.5676238766232055 0.05024802586071566 0.07505059293798536
2 0.21015880543444637 0.5627023717519415 0.20988840988879928 0.13014897037196976
2 0.0979589057972661 0.569332426947517 0.0736235276748142 0.11840117248329012
2 0.39499510770403184 0.5120553096565071 0.14258929328391085 0.0587046185055307
2 0.296503044001701 0.5087745767026357 0.0655630018140985 0.04408696509696384
0 0.9802306809401916 0.4857414147660618 0.03953863811961682 0.16030230032431164
0 0.4090774550716267 0.5575859979681098 0.11715527286549073 0.11291483157389966
0 0.3430531509879427 0.5673643725627204 0.05383681733052796 0.08838639001588611
0 0.7392733865599723 0.5555418514561067 0.13311014427970277 0.18970915665497756
0 0.6440154502623032 0.555440665580136 0.09606401206571746 0.17969322848964459
0 0.8730209039831675 0.5399186258058359 0.12384427168436432 0.19267051542127547
0 0.5524008691367772 0.5702377767820659 0.09539932395394998 0.13830061525911966
0 0.5052530506251229 0.5616070706135557 0.04311013765628076 0.13894945170428344