0 0.22778787539278347 0.7567023439688196 0.45557575078556695 0.48657713072881525
0 0.34292575986075324 0.540504084619684 0.3800834515008106 0.20675272338477022
0 0.21989278083979621 0.4724091599697742 0.2751868732419792 0.16959707403722568
0 0.037254039424003196 0.4198670573281366 0.07450807884800639 0.13526588534372674
0 0.5839507356602563 0.46895415925368544 0.2938777859079618 0.15965900003977093
0 0.9480950488919729 0.4506554085375969 0.09926017749670528 0.14255167401336308
0 0.17250924161218475 0.42608869064291016 0.16548916549465287 0.11285563068904451
0 0.5017063831027325 0.37226151993159406 0.048673849336070066 0.04118862133990877
0 0.5107904916121847 0.42215243193032137 0.23632384026088377 0.06915163136536222
0 0.3538046934075828 0.41616715595163856 0.08479770169720222 0.07363804201145392
1 0.25586716315696184 0.3313750799650016 0.05186702702916719 0.05294373400699968
1 0.35346887100248414 0.3396137466184113 0.13016474385167998 0.08354030068427196
1 0.4722734131569618 0.3288569652689575 0.14343235831306062 0.08135109201940818
2 0.7195615036142373 0.3892564739020045 0.33203631606038686 0.13901069271163422
2 0.6127393318730685 0.3545643952498675 0.11668350595192827 0.04901075934913566