2 0.0359375 0.5443221717411688 0.071875 0.2160431565176623
2 0.12578125 0.5094244760940907 0.06953125 0.085560770979043
2 0.721875 0.5708002541052166 0.3046875 0.2923976200205255
2 0.5203125 0.5079104104264873 0.13046875 0.1374777949831481
2 0.434375 0.49669163017586626 0.08359375 0.10986133421075958
2 0.38671875 0.48290638612779463 0.03046875 0.07830226200205245
2 0.3609375 0.47758762705260827 0.040625 0.06664259933607006
2 0.33046875 0.4691711390546608 0.03515625 0.05411078307929138
2 0.92890625 0.48834578152716723 0.1421875 0.15238972267624523
2 0.85 0.4552110946606879 0.06171875 0.08004656918364503
2 0.8109375 0.45387585363767846 0.06015625 0.07456872882456515
2 0.3109375 0.4536597685431561 0.015625 0.03524715359079629