0 0.2296875 0.759375 0.4578125 0.48125
0 0.34609375 0.54453125 0.37890625 0.20234375
0 0.22265625 0.475 0.27421875 0.16640625
0 0.03828125 0.4203125 0.0765625 0.134375
0 0.58671875 0.47578125 0.29296875 0.15625
0 0.95078125 0.46171875 0.0984375 0.14140625
0 0.175 0.428125 0.16484375 0.1109375
0 0.50390625 0.378125 0.0484375 0.040625
0 0.51328125 0.428125 0.2359375 0.06640625
0 0.35625 0.4203125 0.084375 0.07265625
1 0.2578125 0.334375 0.0515625 0.05234375
1 0.35546875 0.34375 0.1296875 0.08203125
1 0.47421875 0.334375 0.14296875 0.0796875
2 0.721875 0.39765625 0.33125 0.13515625
2 0.61484375 0.36171875 0.11640625 0.04765625