2 0.8227994070343584 0.7549122376509031 0.32254287054574887 0.49017552469819387
2 0.6972838961472988 0.5126591877827437 0.20375680047485362 0.1874311840799308
2 0.5347755359598844 0.4822962745043755 0.0699919027447093 0.07111324021635426
2 0.26871026675955445 0.46437685020809044 0.1030688271970309 0.10779627583555573
2 0.33503996041220596 0.4416855390376739 0.03381271034569897 0.03513871941479163
0 0.2070764332943173 0.5137579479476391 0.11293557218246608 0.15174629758704866
0 0.361451696226441 0.4743532218833336 0.02301160266556703 0.03957164627652787
0 0.3146138001456493 0.4451190103523267 0.015798496239076344 0.03315799211621524
0 0.40865330516021425 0.4910874334143406 0.02826740399835046 0.059211999050069505
0 0.468551142386375 0.47450065187920176 0.01963655007914227 0.030905161094166543
0 0.8540961858015997 0.5507073144919798 0.09763952962517095 0.05536160685760425
2 0.43079272961253584 0.4556408958952781 0.01944633346523723 0.05119947729857639