2 0.49110705195245996 0.6700767203742152 0.4557041237805365 0.30565569425493333
2 0.24454174351047353 0.5945976062861495 0.12196254910649555 0.10083656094499087
2 0.1683474362863031 0.5694913856847916 0.06802902556754527 0.09644895409301454
2 0.09145765381889905 0.5842289150834338 0.11971425649282177 0.10618248021229633
2 0.02075071418607341 0.5474448880596409 0.04150142837214682 0.03152663896415202
2 0.2999383555231824 0.5568386567156909 0.051367631087432294 0.036255082541716985
2 0.7046025361241475 0.6241821234718614 0.2952966834403387 0.19343789800926353
2 0.8422798141273246 0.6212319431232796 0.17440748498246633 0.19881039348670768
2 0.9536576448904451 0.6466181247150569 0.07353077759614024 0.18805992198083885
1 0.5554713352306428 0.5217487630018404 0.08721935633066594 0.07794129353213641
1 0.3192747366106147 0.524227552577248 0.2715222183433748 0.12818803425988215