2 0.17303223081395808 0.7859375 0.34606446162791615 0.428125
2 0.050007732429478716 0.53999423620519 0.096749019851632 0.06671386646291495
2 0.05674433878789039 0.5799198733603198 0.11348867757578078 0.06979127883281536
2 0.42689427469819385 0.7138400084792847 0.3741687710859029 0.2521378686106214
2 0.9248596492232286 0.7266398173881106 0.12471493816399323 0.29602623021229635
2 0.6372700366660411 0.6482094436891066 0.1317435753224654 0.16218349672063964
2 0.7031859773954856 0.6391487042045562 0.05379910685760407 0.09879602611928177
2 0.18788828571611063 0.598063443011738 0.1770736059076737 0.13178666779696718
2 0.3186479764455551 0.5924010204650723 0.08194163744281253 0.06749843848918217
2 0.4174309685617704 0.5827161612382467 0.06248246941479181 0.036047042627625106
2 0.3667406375397218 0.5761485786965297 0.059757512917777866 0.05307076831736559
2 0.5714813825057286 0.651801433173657 0.11108558320625014 0.146275213703953
2 0.7761695357161106 0.6288939569180896 0.027908100873680654 0.059204581637205676
2 0.7496070357161105 0.6275018752808837 0.033576872625173594 0.06808493668015991
2 0.8497525060808329 0.6264926532091879 0.04418706430454868 0.05459564676606821
2 0.8802758074676037 0.625745702734218 0.03695579255305574 0.04563340456798422
2 0.81975653476618 0.6045833536841577 0.015407447663298513 0.024996677973732596
2 0.9110354981970481 0.6148425022592482 0.03619207313826393 0.012820904567984215