0 0.2217498333006349 0.759397751315418 0.4434996666012698 0.48120449736916415
0 0.3302495088419956 0.5646889154603146 0.3847938518076372 0.22441252595542344
0 0.20883516158670495 0.4879682497882385 0.27906067735531553 0.18237767342340944
0 0.03314380595163703 0.42254212891096027 0.06628761190327406 0.13883425782192055
0 0.5728749295333936 0.5099537257577793 0.29751516066226813 0.17331348656347173
0 0.9373466064929976 0.5170954517273201 0.10255200164935267 0.14713958148532652
0 0.1625428347853854 0.43831758930724707 0.16807170157021037 0.12053855510638005
0 0.4929039361973112 0.4074741968891713 0.04961956677218957 0.04344616311182729
0 0.5008240847853853 0.4580202284592024 0.23786972453146404 0.08014804451244935
0 0.3440201553184988 0.44106169966118164 0.08648908095795474 0.07757053413027996
1 0.24808318118274625 0.34939086817585513 0.05308554757185977 0.05534692363517095
1 0.3454666465430102 0.3644536970303457 0.13207436559769076 0.08958468671876343
1 0.4644894311827462 0.3619950969174062 0.14528741943775678 0.08801448144297411
2 0.7103043848645276 0.4397006808923942 0.3351826452228618 0.15444936547443203
2 0.6043188093168493 0.3975293204678726 0.11779290525199179 0.05443614199455275