0 0.11754957371088884 0.5609278887600733 0.23509914742177768 0.24898798760516386
0 0.6768426536438955 0.7709047932346322 0.18714291296884228 0.4158482346782977
0 0.8674775773276929 0.7471440646064587 0.22361363710812654 0.34185674365528823
0 0.5606993315888621 0.5403774767814619 0.06747522059590523 0.16520281918364485
0 0.3127008304077358 0.4621489794137405 0.051800602176918176 0.051853391490547907
0 0.4433779115332618 0.47779163925105256 0.03462302586071573 0.07440510236113215
0 0.6068947745099533 0.4924621515476927 0.03265129809323426 0.06267726200205245
2 0.41728912668687157 0.4420132205349459 0.039109629218760135 0.04631191861791084
2 0.478062935579879 0.4463461965308408 0.03503968811176765 0.04160169272021186
2 0.5483208718775481 0.44749963037225804 0.00919395072563951 0.017237496974937906
2 0.8147965545470202 0.533431543431024 0.28892612386128286 0.24381921945479146