0 0.1503790672017798 0.5229998068063515 0.09777187406898658 0.1069131862735663
0 0.2159676798982269 0.519544542966187 0.07187930810555185 0.06998884783255335
2 0.3264685322555917 0.5056491862363852 0.11519481451569265 0.09592660672980173
2 0.3835896734880861 0.48844975737719276 0.04486304383752824 0.07590592539915128
0 0.475269905291121 0.5074133215979181 0.024131012820281583 0.049328837946721646
0 0.5558692419327201 0.5573549717881985 0.07244654238978612 0.1323933473382617
0 0.9271105504536841 0.556663974716767 0.14577889909263178 0.1573071171099251
0 0.658626060791639 0.4780256160469799 0.040137002481199245 0.04140359140676253
0 0.6061003742738744 0.476252210419492 0.027200354838564245 0.0315192554372075
0 0.6342617615774273 0.4758874544879929 0.02705480562435252 0.028394255437207506
0 0.5888037123632156 0.47460879737763034 0.01675300641014079 0.02485541996194378
2 0.519054138541898 0.4727544787082807 0.04611517473094047 0.05256392589344294
2 0.4267574766312393 0.4741670814837498 0.030580065963434676 0.03711533942959626
0 0.4340070504525568 0.47856808000087503 0.013773555624352517 0.027853085969555026