2 0.8053891898479787 0.7173833188901725 0.33434393826203956 0.5169990493591786
2 0.6857195782463037 0.47123998358829516 0.20801829715018094 0.18974209019601868
2 0.5238304098835096 0.45037939048186965 0.07161272840327407 0.0719047710513923
2 0.2580383135469827 0.44796375172928055 0.10552738297125827 0.10896082694917482
2 0.3249325644514939 0.42145332623138465 0.034614017412854546 0.035520837748947896
2 0.42858210625000004 0.45331308750000004 0.4322897171875 0.44142793593749996 0.4228059375 0.41217402343750004 0.408791584375 0.4105082234375 0.412124015625 0.419796359375 0.40859584531250004 0.4506802203125 0.42858210625000004 0.45331308750000004
0 0.19522073100526577 0.5008457042690185 0.11641397331489127 0.1530109273119944
0 0.35059762777133396 0.4525297114405946 0.023922178878243817 0.039826391832631994
0 0.3044153465636695 0.4260689043616857 0.016563380257724792 0.03333085517214318
0 0.3974350062200364 0.4664905185195035 0.02963326831736577 0.05952133293962447
0 0.4577517085040285 0.446448347830931 0.020346799525030157 0.03112351442797028
0 0.8417305608334491 0.5001040496528788 0.09887791327441135 0.056480667693347544