2 0.5285745524320893 0.6466725504440971 0.4622731428130876 0.2846538185944697
2 0.27837162258431364 0.5827317285299778 0.12416435326976068 0.09523120764913066
2 0.20094961813568935 0.5611925509350765 0.0701944362735663 0.09335509026088377
2 0.12515112209002205 0.5794971233401751 0.12204343775644108 0.1006863221105112
2 0.04803286516993983 0.5462437409248138 0.05117783942959625 0.02919714149054773
2 0.33140378068325943 0.5424248910977644 0.0521500904181794 0.03388918667008767
2 0.738750707070994 0.5908775892789251 0.29944553756616055 0.1798248971478884
2 0.8758368715957305 0.5815212908779315 0.17882929003761844 0.19083914431921817
2 0.9747194281363456 0.6017025015521241 0.05056114372730889 0.18478406615858275
1 0.5841176038012333 0.495469119627742 0.0889298488211363 0.07393746974937905
1 0.34878494026508006 0.5089402254067197 0.2741789407221905 0.1156305869412341