0 0.10733871861217073 0.521533084012055 0.09656995435383649 0.10799728573022023
0 0.17299100046333615 0.5173125734966054 0.07109623920022683 0.0707905348257091
2 0.28425588267732127 0.502123585482393 0.11412947658635506 0.0972202380142125
2 0.3425867378494644 0.48425001074259216 0.04399802586071564 0.07638875961093845
0 0.432420564165667 0.5021568057450666 0.023566474772256464 0.049583920171816585
0 0.5086903982864179 0.551187447988579 0.070935037293461 0.13316770409301454
0 0.8894220431142748 0.5460507321369195 0.1654216472749276 0.15917468340079957
0 0.617559455998299 0.47061912143975587 0.039672624409436884 0.04184998530067894
0 0.5653521152541261 0.4694560911366025 0.026845242195451747 0.03181988805964089
0 0.5934498334029608 0.468763372344267 0.026736114790790032 0.028694888059640888
0 0.5482464608076224 0.46801309984302986 0.01647073738612832 0.025037621551297563
2 0.478878901914615 0.46696957824630375 0.04552332032575279 0.053074090343633175
2 0.38677324746811126 0.4694571703989592 0.0301612151536097 0.0374524123699004
0 0.39364080636111864 0.47377617820087525 0.013454864790790033 0.02799884724103805