2 0.03910549013924678 0.5447403282588311 0.07312946955298724 0.2160431565176623
2 0.1287492522394952 0.5108880239059093 0.0700266745698392 0.085560770979043
2 0.7252202521412994 0.5791997458947834 0.3063783067888089 0.2923976200205255
2 0.523285047419035 0.5139645895735127 0.13126415641946654 0.1374777949831481
2 0.4372793697259379 0.5017458698241337 0.0842300751355733 0.10986133421075958
2 0.3895413064942213 0.48740611387220534 0.030923267953980905 0.07830226200205245
2 0.3637282402374426 0.4817873729473917 0.04101134026088378 0.06664259933607006
2 0.33320949326250476 0.47301636094533916 0.0354698673882468 0.05411078307929138
2 0.3279367609375 0.4427166359375 0.3050633 0.44367343124999997 0.3048061828125 0.45566056406250005 0.3083137078125 0.48270988593749997 0.3135414671875 0.482413321875 0.315046396875 0.4601886265625 0.3203817828125 0.4503018046875 0.3328028984375 0.45048305624999996 0.3279367609375 0.4427166359375
2 0.9301220855268989 0.49915421847283276 0.13975582894620225 0.15238972267624523
2 0.8526771107489474 0.4651014053393121 0.062182358313060605 0.08004656918364503
2 0.8136055203898678 0.4633116463623216 0.06058804205628192 0.07456872882456515