0 0.09677683994685883 0.7337549519067658 0.14071931513486519 0.34186509618646854
0 0.15620953618453315 0.4977058353018773 0.0840925177826803 0.13085318511654265
0 0.22404985359570992 0.4757737823993196 0.03637845574818703 0.07770833774894789
0 0.30398141025351977 0.595838256538604 0.08572994644256209 0.16600943511654281
0 0.6269244505763913 0.5235242246026205 0.07260920822938637 0.11875248920022674
0 0.7112288300220614 0.5526635983790852 0.0828211162111037 0.13704862141421187
0 0.9942423924719668 0.5188044312338917 0.011515215056066452 0.14257936960011328
2 0.46225617493582816 0.43224200409153324 0.029599762820281584 0.04939236479078986
2 0.569942396399781 0.44256689048186965 0.054291547766469606 0.06039435217691817
2 0.6428897448282044 0.44627967832348486 0.0202440334984459 0.0662252007256395
0 0.5366226282028158 0.4664235419331485 0.02362374462331651 0.07180307813030104