2 0.84453125 0.7589335782151192 0.3078125 0.4821328435697616
2 0.71171875 0.5209475164117048 0.1984375 0.18974209019601868
2 0.5484375 0.4886831095181304 0.06796875 0.0719047710513923
2 0.28203125 0.4676612482707195 0.1 0.10896082694917482
2 0.34765625 0.44573417376861535 0.0328125 0.035520837748947896
2 0.453168590625 0.484963078125 0.45625898437499995 0.4732937640625 0.445221871875 0.44326900468749997 0.4310943625 0.4406165171875 0.43492056718749994 0.45017188125 0.43300745 0.4809221265625 0.453168590625 0.484963078125
0 0.221875 0.5163417957309815 0.10859375 0.1530109273119944
0 0.375 0.4787202885594054 0.021875 0.039826391832631994
0 0.32734375 0.4489310956383143 0.01484375 0.03333085517214318
0 0.42265625 0.49600948148049645 0.0265625 0.05952133293962447
0 0.48203125 0.480114152169069 0.01875 0.03112351442797028
0 0.86953125 0.5608334503471213 0.09609375 0.056480667693347544