2 0.016702213414127715 0.5661688280608898 0.03340442682825543 0.0761605933839288
2 0.17434884982908017 0.5516076264642843 0.20915134263643714 0.13493470999956259
2 0.06159879724265541 0.5647854001902803 0.07294105799670107 0.12002068133065044
2 0.36263611150756264 0.4900931704190544 0.14226170783841657 0.06198002965749509
2 0.26424407561418534 0.49254169117930113 0.06531276293212374 0.04557909684397003
0 0.9597982680131956 0.4290854613708941 0.05776233887551356 0.16153967787060938
0 0.3738176524155049 0.5348963344494992 0.11650920157021032 0.11555335722409339
0 0.3070931536691462 0.548539681787761 0.05332723997087019 0.08956917737631773
0 0.7045137229486184 0.5136182647543854 0.13201819279472177 0.19265702669174586
0 0.6091557588419956 0.5190644515222435 0.09502665815498564 0.18178585228117755
0 0.8394115601747792 0.4901741530816679 0.12273412100796718 0.19540002471457923
0 0.5164908857224575 0.5392270542977124 0.09460310932948453 0.14041143577927465
0 0.46984320625557086 0.5333245641835442 0.04230482343610724 0.13984109140676254