0 0.09931056369163234 0.5479253714701855 0.09337547249741003 0.11194372202418137
0 0.16328317245913798 0.5312403251519668 0.06922734305173997 0.07925324247815269
0 0.4228572256022911 0.5361705513992905 0.049295832712657806 0.07009119114536908
0 0.5664017103008102 0.6201554433234471 0.11186010690547885 0.2240489169304743
0 0.725781018406362 0.5484215326611791 0.095993204300445 0.1346454361308041
0 0.385905189208361 0.4919946540648576 0.013065080231458382 0.02924723079967002
2 0.2738396827982202 0.5194413556350679 0.11788316687305755 0.08535012978345584
2 0.33248909077993755 0.49979043369002873 0.04340970574818703 0.07772183471887839
2 0.37987351302967853 0.4874890104913483 0.02930866439185813 0.04298312186589683
2 0.46633755190480813 0.49043450257378945 0.04071919933804615 0.053457620612255674
0 0.4886128122438903 0.48120425508107195 0.010503006410140792 0.024491534639735947
0 0.5436085272977023 0.48974652929596674 0.023112168320799497 0.0271989974927175
0 0.5558538161728317 0.4948515664429853 0.017570643713693813 0.025477373119538172