0 0.22627877363145615 0.7593863660266557 0.4525575472629123 0.48122726794668863
0 0.3397575552594125 0.5546015496169239 0.381260732694135 0.21336879585600013
0 0.21712912460218478 0.481478635193732 0.2761550620225899 0.17438520071228042
0 0.03622675930936474 0.4214263706122557 0.07245351861872948 0.13660274122451135
0 0.5811825339354121 0.49285302203681675 0.29478688335454456 0.16477451999175266
0 0.9454086659373211 0.48938365887990154 0.10008291068586281 0.14427048871722903
0 0.17001831460854813 0.4332169799417403 0.16613462468172657 0.1157339632486929
0 0.4995063672820024 0.3927871743858146 0.048910214672181596 0.04203438730530316
0 0.5082995646085482 0.44305995902555073 0.23671020667568143 0.07327133010002491
0 0.35135922127627534 0.4306783163099713 0.08522043200986325 0.07511131175762494
1 0.2539216946212748 0.3418765775927424 0.052171574673772446 0.05384406551854841
1 0.35146885662000216 0.35409308425666 0.13064202001113578 0.08580477084968256
1 0.47032794462127486 0.3481733563599837 0.14389599801081765 0.0838474657559753
2 0.7172478506126844 0.41866066725967865 0.332822685351681 0.1447946406040085
2 0.6106347712842295 0.37960887595602505 0.116960780673136 0.05104332594338974