2 0.02704003728183379 0.5449494206715453 0.05408007456366758 0.21646134134309047
2 0.10499397574253118 0.5116198473504083 0.07300110129259436 0.08596531934277234
2 0.6984455454004639 0.5833997760979954 0.3165295612921568 0.29417036004136177
2 0.499493392244434 0.516991884070633 0.13603961216700924 0.13823689135104472
2 0.41403339471589196 0.5042731607256337 0.08805043973360735 0.11034770134468133
2 0.3669501476816414 0.4896561300524976 0.033652099809719616 0.07847953600413611
2 0.34139173216832186 0.4838873880489977 0.04333084733826169 0.0668789646721816
2 0.311273150647391 0.4749391020448616 0.03735276136870649 0.05431533000477238
2 0.30740993437499997 0.44460972343750005 0.2844857234375 0.44543340000000003 0.28367034062499996 0.45741863125000004 0.2859192296875 0.48448744374999997 0.2911622140625 0.4842213078125 0.2937024734375 0.462006121875 0.299499696875 0.4521506765625 0.3119157375 0.4524041953125 0.30740993437499997 0.44460972343750005
2 0.9087874792025723 0.504558802792767 0.14836319863085592 0.1532170013526354
2 0.8312500696207519 0.4700468954487219 0.06496576680591418 0.08040566267504516
2 0.7922512366169461 0.46802986211008585 0.06318043231923358 0.07491873134149962