0 0.125 0.5515625 0.08828125 0.109375
0 0.18828125 0.53671875 0.065625 0.07734375
0 0.4484375 0.54921875 0.04609375 0.06875
0 0.59609375 0.6375 0.1015625 0.22109375
0 0.75234375 0.5703125 0.08984375 0.13203125
0 0.409375 0.50390625 0.01171875 0.02890625
2 0.2984375 0.528125 0.1140625 0.08203125
2 0.35625 0.51015625 0.03984375 0.0765625
2 0.403125 0.49921875 0.02734375 0.0421875
2 0.48984375 0.5046875 0.03828125 0.05234375
0 0.51171875 0.49609375 0.009375 0.02421875
0 0.5671875 0.50625 0.021875 0.0265625
0 0.5796875 0.51171875 0.01640625 0.025