2 0.013614548270526345 0.5666056185411111 0.02722909654105269 0.07532796153100704
2 0.16783221536240783 0.5549381538759721 0.2106257766917457 0.13134483824024326
2 0.0549820468833387 0.5661503704409722 0.07430627471457937 0.11880585780753475
2 0.35674747673111434 0.49668597672989556 0.14291701186299816 0.059523083206250146
2 0.25837364372730875 0.49741463497427063 0.06581334239534575 0.04445982123840277
0 0.9543374011416826 0.4460929906945131 0.05961903361182763 0.16061149810013903
0 0.367401133841477 0.5417075360004511 0.11780160672980174 0.1135741503605903
0 0.30054921486811625 0.5541906586256248 0.054346601786885884 0.08868194671336802
0 0.698188218822449 0.5262032904657633 0.13420253954332698 0.19044577488562506
0 0.6028120518262545 0.5299842135277772 0.09710178756616053 0.18021613649288212
0 0.8332953892786843 0.5051069276242354 0.12495487353571591 0.1933525693385416
0 0.5099560483662134 0.5485361514074301 0.09619586216700923 0.13882807028847247
0 0.46339938334718533 0.5418146791428468 0.04391577916320379 0.13917225598392377