2 0.2835212069865321 0.564263502842669 0.18556512655018595 0.14609157020981395
2 0.1315027886657325 0.540332899351377 0.08903042080199892 0.0679062946422686
2 0.052341827540862015 0.5362414630683691 0.039282977874093496 0.0389358149348082
2 0.526868792594674 0.5177940572274657 0.11851886765884583 0.08091085511284994
2 0.38275491955914465 0.512490722810897 0.049038967535011226 0.030519342937985527
2 0.3296663068626976 0.5141992731352085 0.040991027088305196 0.042088088473758486
1 0.24903273697032144 0.49527772362167594 0.13421448821317572 0.049179614041303665
1 0.38486107505966266 0.4905611757329963 0.10648974855225787 0.057282440340197735
2 0.4550109092200625 0.5026287532497061 0.04048160483856407 0.03115058847375849
1 0.47501304011347456 0.4788230604738766 0.03085189371369381 0.025518197240056394
2 0.6734526941662505 0.5089803445661337 0.13794095574818693 0.07890802434972918
2 0.5777763211307212 0.5028315304421044 0.06726458271265763 0.06986821509696384
2 0.9607706418516668 0.5091989383181933 0.07845871629666626 0.12830800649282176
2 0.8540669933804622 0.5089552508173695 0.16397907092583353 0.11839326420345948
2 0.7702913068626975 0.5065081351512127 0.06214258912279842 0.09397787094116268
2 0.742491638541898 0.48040928531336846 0.04564213978475227 0.041388659090609535