2 0.0359375 0.54453125 0.071875 0.215625
2 0.12578125 0.51015625 0.06953125 0.08515625
2 0.721875 0.575 0.3046875 0.290625
2 0.5203125 0.5109375 0.13046875 0.13671875
2 0.434375 0.49921875 0.08359375 0.109375
2 0.38671875 0.48515625 0.03046875 0.078125
2 0.3609375 0.4796875 0.040625 0.06640625
2 0.33046875 0.47109375 0.03515625 0.05390625
2 0.3107453859375 0.48060545781249997 0.3123796703125 0.45837125468749995 0.317772759375 0.44845305625 0.330193240625 0.44856204843749997 0.3253721234375 0.44082367656250004 0.302492321875 0.44191358281250004 0.3021654546875 0.4539026171875 0.305515725 0.480932446875 0.3107453859375 0.48060545781249997
2 0.92890625 0.49375 0.1421875 0.1515625
2 0.85 0.46015625 0.06171875 0.0796875
2 0.8109375 0.45859375 0.06015625 0.07421875