2 0.1763603159611836 0.7775684201828265 0.3527206319223672 0.44486315963434714
2 0.05625471192713971 0.5338077657157657 0.09603066267504508 0.0661580010334573
2 0.05991556746301306 0.5735787411086599 0.11983113492602612 0.06906683126491568
2 0.4349326005729134 0.6699933988854895 0.3714590186982713 0.24998730727698232
2 0.9327433919080497 0.6335334365222739 0.12134138737268003 0.29533823283649224
2 0.6444172359166401 0.5837154888368575 0.12993404268777162 0.16143626778268044
2 0.7101876865850038 0.5681589553384114 0.05268065201304495 0.09849531203449331
2 0.19472631858691275 0.5781120756833443 0.17564598468331738 0.13077061869230314
2 0.3253405192552763 0.5595353959900053 0.08120509400859052 0.06702914226595169
2 0.42395074192395804 0.5401068457423363 0.06210055800445424 0.03568709698068133
2 0.3732149452578216 0.5385657704732767 0.05917555267345431 0.052729047766469604
2 0.5787104199156856 0.5938032723353034 0.10944882001909004 0.14564644789030404
2 0.7830075685869128 0.550712436107989 0.02723520934118149 0.0590496683207995
2 0.7564450685869127 0.5519496044287886 0.03280395667568144 0.06789812944567011
2 0.8565177939210944 0.5410420295740138 0.04357782467377262 0.05434505169541097
2 0.8870138159214127 0.5372791747354496 0.036446577339272326 0.04542381596343468
2 0.8262854012571854 0.522148634412578 0.015125560669954297 0.02491010876750561
2 0.9176280165897763 0.5233600698968853 0.03606476933481808 0.012611315963434677