2 0.2437934468102773 0.5747324687492016 0.18223388459302098 0.14713283919017375
2 0.09363044586034677 0.5446604962002779 0.08748312262517369 0.06840646751493065
2 0.01702349271072027 0.5373551828456596 0.03404698542144054 0.039154072188333444
2 0.49008787177215235 0.5382546805645491 0.11668031335461819 0.08157926795177098
2 0.3465197097280551 0.5270963621759378 0.04834723423243066 0.03079671153100705
2 0.2933765259324649 0.5266411140757989 0.04002624116628475 0.04231543977951393
1 0.21416180461781206 0.5044738669255905 0.1331222777354167 0.04994806145475703
1 0.3501538560045829 0.5052940973582989 0.10519729948690974 0.057887194813507035
2 0.4193759814795482 0.5201937051658337 0.03977166802802081 0.03137793977951393
1 0.44101524534725656 0.49724716764677124 0.030269381458888845 0.02569098423243048
2 0.6371083421368745 0.5354232341355214 0.13615701196784719 0.07969011284152785
2 0.5419776800927772 0.5253923110735075 0.06566267401194459 0.07024107123840295
2 0.9377623055677425 0.5478927454377785 0.10294577488562524 0.12889002583555573
2 0.8175043569545135 0.5427486909168757 0.1612849517473613 0.11931631050482654
2 0.7340015259324648 0.5368967747887159 0.0599763716752431 0.09431435087368065
2 0.7080572749825343 0.5097160257386465 0.044695557370694416 0.041643292553055745