0 0.1424736894095874 0.5577633727238267 0.231787991366953 0.2543167416202229
0 0.7129241914385407 0.7545184199664821 0.17748339405631555 0.4198675337818063
0 0.8973315858728391 0.7263382810118264 0.2053368282543218 0.34678538644737317
0 0.5860146040738148 0.5268828164429853 0.06363688068904452 0.1666395822115959
0 0.3343061060629971 0.45449230555592557 0.05059998400699968 0.05301735141192587
0 0.4657470100652243 0.46707957059962035 0.03289486334340861 0.07515076418576498
0 0.6299913234006788 0.47793083940423886 0.031196003341817758 0.06338655007914226
2 0.4379850893936791 0.4319376924655174 0.03803634933959064 0.047184888558944496
2 0.4989771333943153 0.43485209230723276 0.03407555533895419 0.0423837282923877
2 0.5693078147278607 0.4343687075092121 0.008793744668999893 0.017437552586424765
2 0.8398572194064057 0.5140261491167996 0.283286856699544 0.25034830713877126