2 0.51358044804754 0.6583667102791919 0.4557041237805365 0.2951476447606435
2 0.2648332564895265 0.588660649379497 0.12196254910649555 0.09803198620994635
2 0.18790256371369687 0.5653391581549856 0.06802902556754523 0.09490097453146404
2 0.11166734618110097 0.5818614169304743 0.11971425649282175 0.10343254005001246
2 0.03531335186314382 0.5468439077592743 0.050504560470581286 0.030361101411925873
2 0.31881164447681765 0.5496268931112909 0.051367631087432294 0.035071333465237234
2 0.7250849638758528 0.6075185787798766 0.2952966834403387 0.18662678793844129
2 0.8624076858726755 0.6013631701626726 0.17440748498246633 0.1948220696751836
2 0.9688509831557424 0.6241451037861943 0.062298033688515275 0.18642088479802066
1 0.5726536647693571 0.5086000424907879 0.08721935633066594 0.07593802586424747
1 0.3369752633893853 0.516578712390763 0.27152221834337487 0.12190505839241261