0 0.1474744496566202 0.5581134724103801 0.0927379397336074 0.11400162426483096
0 0.21015086319277348 0.5465861521931351 0.06877651631162233 0.08078301051544959
0 0.4708164491623286 0.5727203635222388 0.04889509783255317 0.07116567107632772
0 0.6220698844473118 0.6687399496820003 0.11057137996150637 0.22641641508343396
0 0.7755822036109529 0.6097411651949756 0.0952236111784261 0.13673976141996072
0 0.4299076062726913 0.5253606846439951 0.012896589429596261 0.02952040366347326
2 0.31995694471370434 0.5437654466297825 0.11740501730020556 0.08800901232447203
2 0.3770372742574688 0.5288265213695834 0.042963432813525236 0.0786506224558087
2 0.42346660528410807 0.5203456360234759 0.029062758897248565 0.043620525214770646
2 0.5104081897707885 0.5303591231331772 0.04041409437251211 0.05434998530067894
0 0.5319330212917193 0.5229117933049937 0.010361838441013127 0.024710072930778537
0 0.5878156067669829 0.5359750373120999 0.022957338935304605 0.027708920171816587
0 0.6005384412536632 0.5420988845531379 0.017424921939110403 0.025859815128862353