2 0.025 0.5671875 0.04765625 0.07421875
2 0.190625 0.559375 0.20546875 0.1265625
2 0.078125 0.56796875 0.06953125 0.1171875
2 0.37734375 0.50546875 0.140625 0.05625
2 0.27890625 0.50390625 0.0640625 0.04296875
0 0.9734375 0.46875 0.053125 0.159375
0 0.38984375 0.55078125 0.11328125 0.1109375
0 0.3234375 0.56171875 0.05078125 0.0875
0 0.7203125 0.54296875 0.1265625 0.1875
0 0.625 0.54453125 0.08984375 0.178125
0 0.8546875 0.525 0.1171875 0.190625
0 0.5328125 0.5609375 0.090625 0.13671875
0 0.4859375 0.553125 0.03828125 0.13828125