2 0.84453125 0.746875 0.3078125 0.50625
2 0.71171875 0.49609375 0.1984375 0.1828125
2 0.5484375 0.46953125 0.06796875 0.06953125
2 0.28203125 0.4578125 0.1 0.10546875
2 0.34765625 0.43359375 0.0328125 0.034375
2 0.453168590625 0.4691380828125 0.45625898437499995 0.45736085 0.445221871875 0.4277215140625 0.4310943625 0.4255623703125 0.43492056718749994 0.4349841203125 0.43300745 0.4658011734375 0.453168590625 0.4691380828125
0 0.221875 0.50859375 0.10859375 0.14921875
0 0.375 0.465625 0.021875 0.0390625
0 0.32734375 0.4375 0.01484375 0.0328125
0 0.42265625 0.48125 0.0265625 0.05859375
0 0.48203125 0.46328125 0.01875 0.03046875
0 0.86953125 0.53046875 0.09609375 0.053125